100
1155 2119 890 423 1094 2928 280 3694 1045 1650 732 1981 2126 2365 1103 1895 1015 2384 139 3192 553 3480 146 3659 3451 3196 2610 1162 1362 1802 3032 2295 2489 1020 2006 3359 2061 3773 1265 2688 2076 1719 875 1456 3509 1994 1643 2376 1106 3762 2777 3290 3048 2647 2314 2446 1590 2119 581 1545 1200 2379 2159 3557 1431 1796 2606 2192 2693 1916 3766
17 9 43 16 3 43 45 1 18 29 39 1 38 1 8 50 49 37 15 12 32 46 31 27 21 30 3 14 34 3 41 13 24 6 47 15 27 3 4 38 10 8 28 21 50 5 31 43 15 33 36 42 24 12 33 36 48 49 18 2 24 40 11 13 17 18 14 3 7 2 42
1267 1214 2211 1062 351 561 424 1534 168 240 769 1775 1235 1830 732 1219 1261 1994 931 1162 838 891 1530 1127 272 617 1566 1951 1527 562 4 2017 215 1926 754 866 393 2153 18 120 950 1812 774 1903 1099 444 524 1579 572 198 1293 1110 586 358 1229
19 17 43 12 39 47 2 2 28 34 34 32 18 6 37 43 12 36 41 20 48 26 46 3 2 13 10 1 32 25 8 43 3 33 9 34 5 34 47 41 4 20 33 24 5 35 12 38 34 7 16 17 8 40 48
484 256 1352 817 164 934 302 873 40 464 581 737 1068 1277 637 379 689 1079 1358 1412 533 643 1359 341 467 614 1153 320 160 830 198 1337 281 170 486 655 38 1268 886 844 778 454 587 153 1005
37 42 31 18 41 26 15 43 10 17 33 47 12 17 17 45 35 39 42 2 1 13 30 13 12 27 1 24 26 48 46 24 11 15 1 31 44 4 34 34 45 20 37 5 27
208 1057 1152 398 436 635 555 990 1066 1111 765 929 117 884 603 432 1130 358 550 258 1049 252 743 1235 655 842 1115 339 6 1166 1168 991 1136 340 381 1025 846 723 851 176 726
20 22 25 47 15 45 3 19 12 9 34 36 12 7 24 37 30 47 43 15 23 23 40 31 30 2 45 32 33 38 27 11 20 33 27 9 10 19 26 39 41
18 14 15 8 14
48 20 21 31 11
1475 150 145 79 1685 196 1475 1244 502 842 144 1442 798 1296 353 1635 68 1649 1014 1530 950 1124 967 1466 1067 916 1369 1567 1126 1039 1182 952 895 1112 56 873 1663 838 1287 500 1639 1626 1520 1200 278 2 242 336 1134
19 14 1 10 2 8 42 8 7 35 14 40 17 18 8 34 38 22 43 44 27 36 14 7 6 12 2 40 3 4 5 6 0 47 23 15 14 44 19 49 7 18 10 33 1 18 46 26 3
104 1 148 266 269 120 258 171 172 58 79 189 274 49 206 185 263 76 108 5 43
7 27 50 33 4 36 22 26 23 36 3 8 1 9 16 20 45 43 17 14 28
39 1037 1284 1838 1291 319 1365 1132 516 1045 939 1802 417 1217 626 1036 340 1248 527 1287 707 1215 1431 721 1744 1337 1777 1178 1668 312 355 1264 1584 1194 366 1120 427 1137 1703 1399 1587 1825 255 413 943 1316 977 691 1200 1628 297
15 18 42 25 45 39 1 15 43 47 46 35 15 1 30 36 14 34 2 14 8 28 14 8 45 32 8 45 47 38 26 41 0 27 12 19 22 33 22 31 0 50 9 30 38 28 33 14 35 34 28
51 114 92 29 12 116 55 33 119 19 6 57 63
0 31 31 48 43 21 9 38 17 6 37 32 18
56 21 441 264 402 395 268 277 175 296 9 94 406 326 47 171 136 442 534 291 205 186 491 2 364 235 132
35 35 40 47 20 4 9 26 41 31 12 7 9 16 14 28 26 17 21 29 39 20 27 15 28 15 18
1097 293 870 60 104 1130 682 908 1054 170 913 1167 771 809 709 94 40 563 1039 348 169 910 137 923 722 1257 171 1212 1186 1177 987 1170 835 55 885 537 239 788 960 750 509
11 13 12 5 30 13 27 40 45 13 47 32 41 0 45 10 48 7 32 34 48 11 41 7 28 22 23 34 37 4 49 16 25 30 16 20 43 21 21 33 4
236 103 398 350 192 405 361 231 93 140 115 108 183 365 194 405 106 226 160 165 31 363 417 27 378
33 11 30 22 45 32 7 7 19 16 27 24 25 38 47 30 47 25 49 26 16 33 50 13 17
2474 2485 2277 640 874 2860 2436 2220 591 2016 2440 2162 2482 1380 1426 2652 2799 2893 526 544 2384 2060 2206 480 2890 1961 2600 141 2344 234 1093 1802 2012 2177 727 891 1647 2094 1607 107 2572 11 139 1654 1229 1070 2359 1669 2344 1718 1507 2720 2897 728 2616 1440 2892 2483 2950 2473 1553 2809 2253
41 43 19 9 38 20 22 32 34 15 10 33 28 45 16 42 32 5 50 10 50 28 1 19 45 30 40 39 35 12 11 0 14 48 16 41 32 19 24 1 19 10 25 34 21 30 43 3 45 17 7 35 25 8 32 4 43 47 9 38 34 42 35
5 39 33 15 14 32 39 21 40
13 45 35 16 28 36 25 0 29
117 1248 1271 16 897 924 1111 22 1227 1217 732 72 1025 929 1016 824 1249 487 985 566 403 1141 319 363 467 875 1010 1047 716 83 516 1302 712 423 148 1261 344 8 341 1143 1111 225 1314
40 23 12 36 8 8 46 34 0 30 2 29 41 26 27 35 28 7 2 5 3 9 27 15 15 33 6 29 11 4 45 3 2 28 13 29 47 26 39 41 8 44 39
5 3 9 9 4
15 28 47 11 15
1798 326 1459 2012 1131 2229 330 687 2202 343 1578 3205 1458 3002 1661 2297 502 1515 886 544 106 1892 808 1161 2967 1776 3016 1748 1723 2630 3350 406 2363 61 1652 306 237 539 654 2534 1238 1399 1018 3538 2811 162 1395 2019 1308 3398 1215 993 2816 319 3511 3350 62 1449 3147 3472 1986 1319 344 612 73 621 176 1801 2720
49 14 5 43 5 42 22 31 39 36 40 39 10 29 49 20 21 0 37 13 12 3 2 46 10 27 30 29 22 36 35 8 28 10 37 19 18 29 32 22 28 6 39 4 22 26 13 40 34 46 46 17 29 14 46 43 35 49 3 26 47 32 9 48 28 9 17 15 24
110 3622 2248 1959 3543 3272 3220 3540 574 2080 2092 896 2305 3259 1311 2045 3555 3620 93 3063 488 3488 2894 1048 2449 713 1341 1137 2790 349 2390 963 60 135 36 2698 1416 3556 1377 265 1111 353 2238 2766 1583 1502 3561 186 2489 3631 1928 2920 3134 1942 3246 3032 2991 720 610 1928 2906 237 325 1863 1757 3053 1420 3146 604 3424 2756
48 47 35 50 7 34 6 20 32 27 35 31 38 24 45 41 3 1 29 23 26 39 23 28 2 3 2 30 2 31 29 32 11 32 6 6 34 1 38 44 22 36 37 4 2 38 36 19 40 36 24 49 19 31 46 34 19 34 50 18 33 9 10 0 1 14 37 15 8 40 24
902 692 1020 495 455 184 725 407 712 362 1013 264 671 617 155 728 867 909 1012 700 881 901 935 795 984 1006 739 255 833 453 783 438 409 265 127 785 381
27 38 43 11 0 23 2 45 30 44 41 0 46 13 24 42 28 47 23 6 47 3 47 13 45 27 8 20 14 12 15 31 14 6 41 43 1
41 2 24 8 33 20 61 12 16
24 50 30 6 6 21 42 47 17
124 1350 2012 1838 635 927 2140 454 9 369 1378 2411 374 2231 1415 992 2131 2163 522 290 2435 2078 164 1301 2386 1916 2084 1588 2269 301 42 1022 770 1071 2313 1529 2159 1310 1785 1914 1519 1014 559 855 714 1446 1505 438 1446 359 1297 1561 512 857 1869 1023 2204
19 13 15 32 5 40 39 42 44 49 45 19 2 39 46 17 32 50 30 35 8 26 34 6 8 40 8 21 0 46 34 20 8 5 50 0 39 34 20 32 49 36 9 28 46 13 40 41 31 39 29 36 32 33 25 47 18
2959 1261 2621 2972 179 984 1483 1590 586 1123 229 618 2397 2651 1070 2043 780 687 600 1355 2347 2522 1845 176 354 1588 2048 1997 1471 1492 1966 359 2976 254 528 2394 2490 199 80 2097 1110 1866 1949 2799 1336 2611 1643 2744 257 706 1095 312 2392 2716 85 2103 318 552 1144 507 1789 308 172
48 17 30 13 6 34 7 25 6 8 11 33 17 40 34 29 32 10 28 16 13 14 2 30 25 8 24 28 22 28 4 6 29 16 21 39 48 10 45 8 42 3 33 5 13 50 42 46 3 48 16 35 24 5 7 21 15 44 7 14 2 36 34
486 131 750 590 98 427 808 418 847 272 504 256 790 61 309 773 223 56 801 601 249 218 98 31 714 456 473 21 348 23 904 332 631 386 908
30 47 38 2 6 14 2 17 12 17 30 28 44 14 36 23 32 18 49 30 10 11 13 20 50 49 23 29 15 12 33 0 4 2 30
1536 1834 196 391 1302 986 775 2324 894 1631 1820 586 103 1764 1524 2752 1458 3189 2236 3317 2582 2864 941 1146 2367 2008 346 2674 509 333 3244 635 2515 961 736 686 3008 3260 3011 3305 1505 2074 4 2135 2892 835 2988 2286 3113 1160 493 1906 1808 222 2729 1348 2845 2855 1924 1874 633 2525 3097 279 1565 1701 3275
39 8 28 31 43 20 8 46 25 32 26 33 29 16 6 32 41 38 43 5 39 41 24 27 33 30 26 8 0 8 45 25 21 15 49 12 40 28 44 35 14 13 50 6 42 47 46 3 26 48 36 40 25 7 2 41 14 8 22 49 29 6 7 48 7 12 29
464 1793 1344 716 1712 1516 1832 773 1614 2148 2502 540 659 877 447 2362 2761 1307 366 351 2114 878 2669 2522 1980 773 1442 2417 293 2731 2002 1780 1306 571 567 1669 2205 926 2532 2343 1712 634 546 1204 2749 424 422 1471 2042 1833 2136 1647 452 1938 2700 1343 834 806 7 1713 2059
8 23 27 11 13 13 5 5 11 14 37 28 18 19 33 43 15 48 22 21 18 18 20 21 6 15 50 2 39 41 46 5 10 18 43 15 13 0 16 40 13 45 36 36 45 45 48 37 13 36 6 20 14 30 13 13 0 6 19 7 9
628 235 179 208 285 156 389 533 105 208 104 241 673 81 101 666 368 76 413 140 354 330 51 551 237 242 262 115 325 20 193
7 13 32 25 35 47 29 30 11 14 38 20 15 23 20 1 37 28 17 33 26 23 35 37 19 24 25 11 8 44 0
442 2051 2015 425 2113 742 546 1458 1298 1749 131 307 796 1670 992 1802 1596 910 1553 235 2226 1234 1748 1137 229 1960 1218 2011 2171 2210 1491 1092 1839 1173 1101 224 887 1048 1785 594 477 1571 1628 1308 898 891 114 2083 2147 813 1661 2217 623 1278 863
10 33 17 0 18 3 12 49 29 9 8 16 42 2 15 12 18 23 4 48 6 15 8 27 15 36 47 44 10 13 15 13 44 50 11 25 30 10 43 36 16 24 35 40 37 21 32 4 32 29 41 26 35 46 22
1009 1613 193 667 877 1065 372 1404 273 345 77 1620 972 628 1462 998 96 917 813 849 1705 374 958 1754 1775 1555 631 1644 536 395 1711 1352 630 645 278 1747 1666 616 641 1489 1408 68 770 221 346 939 1478 346 435 1848 296
16 16 27 47 40 44 9 18 22 5 5 2 45 22 20 48 17 41 26 33 42 10 28 36 0 35 27 19 39 14 45 9 7 30 42 44 43 4 40 18 3 11 43 39 22 45 12 16 11 45 6
26 23 11 124 26 254 86 140 129 130 63 119 17 43 132 215 111 248 81
45 45 33 33 15 19 27 12 25 38 10 23 30 41 23 20 10 38 33
1718 618 3006 837 1008 2016 1417 1118 1897 2990 2298 2305 1837 125 148 2440 2253 2695 286 1415 1674 1731 2316 1471 845 884 574 1698 271 311 562 2223 1029 3044 1392 144 2898 2298 3152 930 413 1325 2967 644 1449 86 2029 48 1576 2878 3008 2791 1932 1403 2905 1351 452 2595 2044 1697 483 1020 1205 132 2080
9 18 44 4 12 37 19 21 19 17 15 20 48 16 4 39 34 50 23 33 0 11 39 10 43 20 41 1 46 32 6 11 13 34 20 11 27 35 1 36 10 2 46 23 13 21 27 25 41 7 15 3 40 40 45 8 23 34 14 29 28 18 43 27 3
247 127 225 22 257 32 24 378 261 235 58 266 197 143 234 391 343 343 385 220 106 140 56
49 28 45 10 4 28 25 28 38 26 9 9 29 20 5 37 36 35 6 18 27 42 28
132 87 8 111 134 165 132 45 166 57 52 50 62 118 115
20 13 31 47 28 26 5 36 49 9 17 9 31 9 23
274 72 289 129 222 80 274 245 180 140 395 117 108 367 115 325 146 229 10 56 29 281 123
46 24 19 18 13 14 4 40 32 41 12 47 30 41 0 1 23 28 45 29 30 4 10
34 1 21 33 17 18 35
45 3 34 4 36 7 27
78 827 660 442 101 801 861 532 7 42 85 1116 136 673 612 388 3 710 832 560 127 1301 65 280 892 826 375 923 617 930 481 1171 1062 258 519 161 1051 199 1056 346 19 181 567
14 0 41 32 22 32 42 21 27 49 15 45 10 49 47 15 29 19 14 49 30 28 35 2 37 26 29 45 13 26 33 17 23 34 49 32 38 15 33 1 6 23 14
115 111 90 183 71 242 304 155 90 316 339 269 144 209 119 166 300 316 305 253 235 244 279
15 16 19 17 45 40 38 12 0 36 7 36 26 1 19 49 13 21 13 19 38 42 6
84 158 210 5 83 168 137 56 99 57 188 174 98 28 59 188 5
34 16 4 3 28 27 14 20 34 40 28 13 15 20 17 15 24
2315 1980 491 163 2512 1822 307 599 2418 542 1917 978 1691 1668 282 244 527 2256 1662 1054 163 1521 586 2313 685 1903 1329 2511 1445 2546 751 762 1422 629 802 2124 547 2268 894 76 742 588 778 2536 1790 1364 1066 2472 1824 1092 2241 2446 1382 415 854 2199 473 1468 16
31 28 40 45 10 42 29 49 10 34 32 40 21 1 4 11 34 1 2 33 13 18 1 45 33 19 21 26 7 27 8 47 38 6 15 21 38 18 39 39 17 13 5 45 8 27 25 5 10 9 3 3 22 42 43 35 46 30 12
2148 1706 9 85 2160 2267 274 2072 1251 364 2230 1618 301 734 2310 1156 2617 1882 10 2445 2355 1160 655 3 639 1079 1802 97 351 1537 1976 1525 2290 250 389 2345 2306 217 113 784 1836 2093 1509 2730 2065 1119 986 2409 750 1152 127 1895 729 1532 506 1047 570 702 1607 358 838
31 35 48 14 28 22 14 9 48 29 37 33 26 40 32 12 5 35 1 3 0 5 4 16 42 4 44 5 29 42 22 21 21 15 26 8 26 15 30 36 15 7 28 12 16 35 38 28 8 46 5 17 15 31 15 8 13 17 6 2 22
51 40 17 35 53 36 13 53 49
24 50 18 7 50 11 34 7 7
2373 851 3102 2647 2574 2983 2104 1918 548 3433 3369 360 655 864 2403 4031 3466 813 596 234 558 2760 153 552 2530 2045 354 3794 663 4042 1055 2471 92 179 224 3746 112 3955 3497 1458 69 709 1973 3199 763 119 2944 690 1987 359 1290 1270 2591 2668 231 2704 4154 1424 2794 1675 122 2198 3170 4074 3227 2398 2108 749 785 4024 1026 3889 3997 59 1198
22 9 38 27 31 38 13 49 32 37 17 20 37 18 4 13 18 20 27 18 27 40 39 25 6 40 19 31 40 0 46 47 23 30 40 36 20 39 38 2 36 12 31 0 38 2 27 31 15 19 23 34 2 40 4 10 24 38 15 20 21 18 15 23 14 15 40 23 13 18 46 47 22 42 2
1306 1086 2601 367 121 2339 2138 2517 911 1684 1826 297 2478 810 151 1404 1445 1158 1095 186 1672 629 2178 1998 187 2267 2060 2083 927 2439 2606 483 417 1087 160 210 1669 2291 561 2389 424 82 21 128 913 619 1700 2146 1959 1503 12 422 1491 1354 1663 2515 2297 355 1027
27 3 39 29 9 44 44 18 26 11 24 11 39 48 26 27 0 15 12 39 18 46 10 8 2 45 8 11 47 40 38 11 45 15 38 39 21 2 42 16 12 11 16 31 29 38 18 50 43 1 42 44 28 39 13 49 30 38 36
215 370 426 969 934 310 494 403 23 691 958 180 570 447 39 472 475 500 849 918 493 247 1 994 809 390 560 991 792 465 214 726 757 789 962 86 756
20 28 46 38 14 24 29 22 43 44 10 14 49 2 7 9 40 31 27 25 7 34 14 25 32 12 20 33 37 37 24 20 17 21 23 19 27
1603 485 428 133 350 533 2111 2065 1417 180 647 1519 2221 958 2268 1329 550 1401 1663 675 572 1391 59 1122 894 1947 2117 994 747 1295 1802 760 1733 1710 1663 292 2076 13 445 120 578 462 22 645 378 1635 1474 2072 1232 1828 872 1031 618 1085 621 800 2156
20 11 32 40 40 45 15 41 15 46 50 46 39 27 35 2 7 8 8 9 4 21 15 24 33 17 27 7 15 14 0 4 19 29 21 3 27 40 39 18 25 44 35 40 17 10 7 49 40 49 34 46 36 15 44 41 0
166 182 136 151 63 426 416 53 211 281 294 391 334 465 456 343 223 441 52 331 226 319 165 134 78
35 7 39 13 14 24 48 11 37 41 31 15 11 8 14 5 30 4 49 16 35 49 29 30 10
564 196 2723 253 2725 370 2697 868 1821 2338 1220 1061 2289 1455 949 1954 1935 386 1074 1145 877 1950 2006 1264 357 1411 2090 974 2730 1673 1541 2585 2325 2223 2619 2477 619 2220 2587 2776 737 718 1307 590 1722 831 529 1609 101 1662 2614 2750 1623 352 2132 2138 2227 2302 495 1095 220
41 26 44 23 26 45 25 36 47 38 23 43 18 11 42 25 8 40 18 48 26 16 43 12 5 22 21 39 1 32 12 11 12 4 40 47 5 4 43 35 31 4 11 41 20 13 2 24 28 1 29 33 33 25 23 41 13 42 30 50 11
1292 471 455 1324 127 1291 688 788 486 215 1225 1400 1636 1563 1066 982 1541 255 1174 561 513 429 1390 757 924 1015 202 59 788 220 481 387 974 1356 121 428 1212 588 1392 99 69 989 1335 2 349 1390 1336
8 47 21 36 35 22 43 0 0 20 30 11 34 25 20 15 15 20 18 29 5 40 15 30 42 19 36 39 7 18 7 19 36 49 17 47 5 19 9 32 33 8 44 42 29 46 43
246 32 228 28 220 27 6 155 72 25 213 111 153 144 147 180 31 249 4
5 43 10 38 25 50 16 15 41 49 23 21 3 49 39 20 24 35 28
1154 1377 1095 445 1676 1183 1841 1306 670 1546 1201 860 1545 1402 308 364 543 1213 305 728 57 1816 1796 333 141 1697 933 113 128 1471 1384 1325 1490 25 992 1595 623 1687 770 284 652 1181 103 1581 375 1778 642 1043 538 1557 1898
21 46 12 35 32 6 38 14 6 16 46 21 50 18 35 25 50 11 40 44 30 48 9 13 39 22 46 10 7 19 50 24 31 22 39 4 4 10 3 46 38 21 49 28 5 19 15 1 18 50 38
1848 2323 1898 2580 205 1363 1735 2714 1369 70 132 2405 619 1519 470 1120 1837 2165 1746 1770 2251 917 660 2538 2643 404 830 739 2244 1861 1752 1218 2629 1320 395 2320 682 423 261 2347 1641 1189 749 533 263 2388 2279 1124 980 2011 243 30 148 635 55 1130 1025 1884 2462 2669 964
25 4 46 10 16 36 39 4 12 40 17 26 8 13 28 29 31 18 7 46 43 23 11 20 32 17 43 37 43 37 35 36 27 43 30 1 20 0 44 36 24 19 9 30 45 23 26 2 28 3 31 25 5 33 35 27 33 4 23 49 46
671 620 21 36 716 404 93 61 946 670 469 838 420 806 712 147 193 383 721 148 439 82 378 808 134 114 114 321 747 961 776 970 221 577 254 319 500
38 42 6 20 41 46 31 27 42 14 19 27 16 49 50 46 34 0 40 45 22 6 50 49 5 19 1 41 11 13 39 39 35 9 20 4 13
158 110 171 39 212 121 9 31 137 90 12 189 254 153 65 153 19 205 92
15 41 20 47 4 48 34 33 47 5 25 2 39 38 32 6 15 30 24
159 683 85 199 289 211 327 216 347 223 90 327 361 478 547 277 718 662 231 173 4 689 465 3 343 203 620 621 581 386 699 624 481
26 46 5 3 29 26 42 13 45 23 16 21 40 46 35 9 12 32 36 22 0 12 10 33 12 2 40 41 49 19 33 17 0
2653 1826 1720 3622 2761 1829 720 1294 756 3858 527 3501 1657 3813 2406 25 3381 821 1120 3506 2876 122 527 3879 141 3160 1200 1578 2015 145 2063 1943 182 2747 2341 2409 2071 2780 1288 778 2266 1194 125 2002 2737 2775 1549 3650 1163 3251 488 95 3205 3667 1683 1210 2286 1480 3200 2836 3891 3460 636 1924 956 1944 1335 1506 872 3799 1511 315 1791
22 8 41 12 38 2 10 40 1 2 26 6 14 9 19 0 43 41 13 2 38 39 14 50 45 12 1 16 5 1 1 32 3 20 25 45 38 17 10 20 20 1 37 23 40 29 20 43 31 49 29 12 19 30 43 32 8 4 13 34 7 1 0 23 34 44 27 27 25 9 12 27 24
1847 235 337 1929 1846 127 1376 901 615 413 414 1489 388 662 884 608 481 1015 1211 732 1294 836 1122 1483 955 1317 725 1060 362 21 1220 1046 1725 1570 895 1524 1841 1198 964 1561 132 1257 594 635 1753 348 1112 1935 628 823 1737
20 9 33 21 20 22 5 17 42 18 39 31 24 46 18 2 39 39 36 10 12 43 48 3 18 13 24 9 17 30 9 30 47 28 18 5 43 5 16 35 50 35 37 2 16 15 39 13 40 33 39
794 54 2443 1096 95 2276 2094 689 2119 1845 486 2258 215 1764 1781 1684 59 1067 158 2780 1986 607 2634 1148 48 2140 2706 2345 2389 1323 1683 103 2081 2744 2124 2692 574 738 1290 1974 1495 980 47 964 846 1587 1093 2351 1710 664 195 732 2132 2174 1663 226 536 579 1088 450 382
7 36 45 5 47 25 23 20 24 42 2 31 47 44 45 30 11 3 1 8 29 26 41 44 41 6 8 43 12 36 6 44 18 44 8 48 49 30 4 40 39 47 39 15 27 1 49 37 8 44 1 49 33 37 21 31 45 9 3 28 13
582 236 1090 193 217 123 148 718 758 806 1117 658 1073 649 279 741 264 915 906 560 128 134 211 192 76 1002 313 1096 667 771 881 450 120 86 100 890 688 407 648
13 29 13 44 48 1 28 8 37 3 28 7 7 18 39 40 10 17 27 25 47 47 29 30 42 22 25 32 25 19 41 42 9 33 0 44 5 29 48
51 88 20 23 74 52 2 40 64 21 2
42 3 42 5 5 17 21 7 22 33 33
66 107 339 177 364 58 254 63 263 547 403 417 398 538 164 283 574 473 302 284 240 434 474 526 276 156 320 583 654 385 217
21 7 43 38 20 26 19 25 47 42 46 11 32 38 25 48 19 34 30 4 24 17 39 45 41 5 48 39 32 18 30
716 2271 2580 3348 555 1579 3141 2127 1338 3149 1841 838 138 524 812 1692 759 3020 2021 3679 2239 2262 2544 1140 3330 7 860 553 343 3557 76 3772 527 2639 2442 803 1078 2027 2047 952 3779 574 3187 731 2918 2822 1994 871 266 3325 3648 1840 730 2361 625 1780 1739 518 2103 1779 1307 2677 2318 34 1397 2868 3616 952 3053 3712 1303
36 33 33 43 5 47 33 44 18 33 50 7 0 50 25 26 23 26 43 30 34 5 49 2 22 10 15 24 10 24 46 38 38 34 42 6 18 23 1 31 13 50 34 49 12 14 35 26 3 33 26 41 0 50 22 4 12 10 24 31 5 18 1 13 26 2 19 25 41 27 17
673 875 265 1206 1887 91 602 1790 605 1502 1756 415 131 757 808 1246 1466 1056 1226 88 474 527 893 663 1634 982 374 1768 1753 1466 1123 1703 1191 1188 570 1777 1502 902 1521 1567 277 1909 1822 1561 1541 88 520 1239 180 1818 160
6 9 20 27 35 22 26 10 4 22 12 0 28 17 35 2 44 8 14 10 42 13 32 33 21 30 16 12 18 1 4 10 35 36 12 4 18 47 44 7 4 33 5 7 4 44 10 21 26 20 1
61 61 18 31 16 54 24 52 6
14 32 25 8 23 30 13 40 50
1463 1897 998 2672 2879 2979 577 2957 2702 2945 3502 329 3562 1424 3388 792 1582 1405 616 2090 2827 2320 904 3301 595 707 1726 3501 1799 3153 2745 1391 1041 189 2653 3427 813 1177 849 2312 1452 27 2943 3309 2392 2679 96 2088 1579 984 3213 3253 3460 3023 1024 1088 374 56 655 1608 2120 2116 1731 1528 3165 898 880 162 512
27 41 5 49 41 11 21 24 29 8 44 5 14 40 7 47 27 47 11 2 33 9 13 0 24 35 6 11 24 48 44 28 42 45 12 2 42 6 18 0 31 35 14 0 23 43 5 12 16 19 26 30 8 29 25 15 42 29 40 26 16 1 6 43 9 47 5 28 16
18 24 13 10 13 29 15
34 30 10 4 5 35 16
647 410 327 380 17 874 713 683 41 1019 226 661 182 253 421 729 463 775 210 341 15 418 162 876 257 331 748 248 810 745 1017 1087 1056 210 60 73 552 157 165
34 18 3 25 35 24 19 40 14 40 18 42 22 33 45 35 34 32 48 15 6 13 45 10 17 19 41 31 5 39 39 50 14 47 2 13 49 1 18
565 1756 526 485 2440 269 509 2023 943 2486 2501 1089 597 293 392 1127 1554 2569 187 859 1271 1926 1643 989 177 2322 1467 1529 1506 1604 557 697 2195 309 107 1526 2180 2148 695 1919 1329 1830 1521 270 1165 2341 788 1388 1727 2098 12 529 672 1318 1849 135 2365 1035 1204
49 3 29 15 46 6 19 5 13 3 11 41 15 34 42 46 3 17 27 14 49 31 8 19 49 40 29 21 30 36 2 15 2 3 26 20 10 4 16 46 30 50 13 19 33 45 42 6 12 18 21 4 32 12 15 8 25 4 8
119 149 9 208 112 81 163 19 162 18 96 212 7 119 103 150 86
25 38 9 32 37 36 20 4 29 18 34 40 23 25 8 30 9
317 360 607 478 86 285 485 272 85 380 405 560 228 118 466 361 52 92 418 651 762 313 420 403 400 713 771 452 505 668 715 158 501
37 38 5 31 3 5 13 50 19 3 37 16 10 18 14 19 17 32 27 15 36 29 2 14 15 10 27 12 9 16 34 8 10
2666 1261 2196 2310 1493 1488 2762 1215 2757 503 156 2518 2362 2711 50 2366 2714 1659 1308 1161 2435 2310 926 662 354 890 272 1532 2581 799 1197 1605 1039 337 606 1862 227 1510 647 1180 1419 344 319 2744 666 1096 2554 2659 1787 2431 2218 338 1170 2706 798 258 2103 1334 1579 2324 977
12 21 47 50 5 9 16 37 3 19 20 22 39 18 14 21 5 35 36 23 30 7 7 12 13 46 48 14 16 0 26 46 14 27 5 24 32 50 0 27 39 46 45 5 30 27 31 50 44 26 21 28 28 28 34 27 46 25 9 20 1
594 76 346 881 86 621 470 185 552 870 257 828 187 272 625 833 555 370 154 399 185 484 705 897 575 100 33 146 810 274 384 470 73 525 494
18 47 44 19 20 37 27 2 34 19 46 13 12 49 31 7 7 5 48 18 20 13 39 33 42 43 45 41 17 0 39 1 49 24 15
411 219 398 154 494 293 68 629 351 494 266 252 411 76 238 323 382 542 622 308 7 220 239 379 267 555 445 418 336
13 49 14 36 3 12 25 26 4 32 16 19 2 32 8 34 6 16 32 16 23 28 22 42 21 1 36 38 10
1143 524 1032 272 1259 509 1080 944 413 1127 1541 296 635 265 179 580 506 714 1106 265 899 899 967 1559 1627 1578 596 856 729 616 1477 391 905 1103 1419 241 304 464 1616 462 1349 1494 1568 519 1375 426 1121
25 11 49 29 34 8 27 31 46 24 18 0 33 15 19 23 41 18 4 26 48 17 5 20 1 27 24 35 37 34 16 43 2 2 8 8 13 26 36 19 47 49 37 45 19 14 32
335 1641 1973 972 774 2706 1039 2871 1221 97 2418 2940 2440 2443 2705 1368 1311 2439 1295 561 542 2111 290 1646 1026 1964 37 1745 1195 1159 1324 698 56 1013 2849 2824 1217 1386 1398 1344 1783 57 47 2204 1016 1600 2714 2882 967 1448 2305 1538 347 376 1478 1720 1367 1395 2605 156 1657 1766 1662
38 18 34 38 36 21 40 24 36 8 4 29 1 36 21 41 21 30 33 6 50 32 39 13 31 18 13 18 46 48 27 15 27 25 35 1 43 18 25 35 38 35 6 43 48 27 16 2 8 43 37 10 17 28 8 46 0 13 44 40 16 49 36
2241 1968 2074 1989 958 1495 1134 1298 2364 2250 1513 653 1163 2091 1207 1466 791 1549 630 448 1505 1051 2006 1222 2071 1253 1393 1168 330 465 1836 2169 563 2145 347 1536 2362 1588 1351 110 2299 305 136 191 1585 50 1639 1383 2005 660 790 1041 1040 720 1851 118 615
0 11 12 30 39 14 20 5 29 0 13 26 33 2 42 47 16 32 35 29 24 6 2 35 34 34 17 48 25 9 30 30 21 0 1 21 2 48 8 20 45 12 39 6 34 9 39 46 8 18 46 16 42 27 22 25 38
55 62 106 9 71 19 80 109 93 50 5 25 52
4 38 20 42 2 11 16 43 26 3 22 12 24
1209 559 357 388 976 1027 1255 588 782 200 934 1179 1080 661 1160 682 581 285 1193 757 626 502 338 253 114 966 434 710 507 159 680 708 357 498 862 1143 573 660 990 1128 603
40 1 34 47 46 7 19 13 29 10 5 42 16 49 43 28 26 43 3 17 43 5 43 6 29 21 43 25 2 29 6 36 30 4 3 1 34 39 18 6 24
527 2247 610 1107 1213 359 2521 1786 2014 977 1692 775 515 1932 2196 1923 702 2619 871 2772 2511 2127 2284 1145 491 1474 510 1121 2712 348 1824 2668 2178 317 1659 43 108 2141 136 1048 1207 271 2784 2150 1370 2171 1884 2525 2456 795 503 2581 45 437 1647 2670 2527 708 907 1405 1083
44 4 14 13 17 42 17 8 15 18 13 32 36 5 10 10 24 37 24 38 7 20 30 35 26 15 17 4 49 50 11 1 21 7 30 34 32 14 18 9 9 45 28 3 39 27 27 41 1 6 17 28 2 21 13 21 47 32 33 9 31
340 1859 558 52 380 2313 2387 2011 888 260 1657 426 1171 300 336 2137 806 967 1403 1739 117 567 1313 640 453 21 2038 2250 2237 2224 427 602 2173 1016 805 2027 1201 361 1893 997 108 472 2022 1647 310 908 293 419 1076 1886 1043 2051 818 2099 2163 300 655
49 25 13 41 23 18 31 2 36 42 19 9 12 10 6 1 40 47 28 38 1 30 50 30 13 10 18 15 48 31 39 34 36 9 43 48 15 23 24 32 4 3 11 28 4 16 50 29 9 18 15 1 33 20 44 32 0
57 227 67 103 144 240 235 233 337 58 454 151 392 332 128 5 700 216 422 621 19 509 337 574 428 536 441 264 97 519 485
5 23 33 6 37 30 13 7 24 20 29 48 6 2 37 47 24 10 10 36 27 3 32 43 9 10 6 13 5 38 36
2773 243 2678 1191 1488 2115 1890 2476 437 1967 2897 3342 232 2618 3394 2516 2982 1265 3032 854 884 1718 1224 1676 983 679 202 249 484 1498 629 575 2231 2519 824 2798 630 2664 364 668 2163 2335 917 3057 419 3512 3217 327 3050 1016 1073 381 662 3129 2165 1572 391 3017 429 681 2977 3229 265 2542 3102 155 2557 949 3019
7 38 30 37 23 45 25 6 40 44 33 23 12 41 42 14 8 25 34 15 7 2 17 19 38 11 25 2 9 3 27 49 3 45 36 37 4 29 7 18 9 12 17 49 16 2 17 3 35 7 3 17 5 19 1 9 36 30 18 50 23 1 38 18 43 21 26 46 1
3030 1750 2172 135 2931 1178 812 3093 183 3084 532 631 915 3010 997 2521 3125 1440 2905 1380 3501 1902 3162 598 3311 1774 2741 486 118 1837 1819 2840 1903 1974 614 1562 138 311 2564 208 795 2351 2983 2147 1623 2520 354 560 1979 1904 1146 66 2805 3197 1221 1188 266 75 2816 2466 1886 1763 1647 2690 586 3341 980 760 1419
38 49 28 49 32 22 41 38 48 48 5 19 8 1 40 2 24 5 6 37 14 25 23 46 29 45 32 33 39 14 49 20 34 24 3 31 47 49 11 42 2 42 49 24 14 22 44 44 21 4 15 40 33 24 25 3 37 11 44 30 33 41 16 30 28 22 24 28 19
30 73 59 46 11 73 48 57 59 20 52
20 3 46 4 11 0 38 0 30 36 30
1039 97 731 1029 926 980 521 1217 1515 780 556 929 1057 1121 736 962 318 538 538 992 581 226 62 421 79 91 336 336 797 287 248 1154 764 975 1004 857 1189 774 465 1286 120 1411 332 900 1331
32 14 43 25 18 39 19 26 9 40 26 6 29 38 4 38 21 30 0 0 47 28 22 23 22 4 41 13 35 45 9 45 0 30 43 25 19 49 14 46 24 18 24 21 15
168 455 173 475 365 426 336 458 215 505 305 476 445 214 296 91 184 189 430 162 431 386 203 256 28 37 384
19 9 17 0 43 35 29 27 40 24 39 31 31 20 46 29 13 41 46 26 13 9 35 0 10 11 38
175 137 256 355 137 118 89 109 264 107 228 351 308 91 249 230 265 70 171 33 199 22 379
42 6 18 4 27 1 31 7 9 26 6 26 33 18 22 12 0 28 27 17 35 12 9
702 360 791 614 828 71 784 1198 1205 815 932 461 861 410 695 287 1169 742 403 586 84 858 1180 1120 761 354 851 529 1114 623 107 188 1026 647 429 799 978 920 916 1170 134
32 30 14 7 16 25 28 21 21 13 6 28 28 12 23 35 44 20 32 30 5 0 38 31 7 27 30 43 31 17 18 12 47 1 35 3 14 39 1 7 43
542 2187 2421 2400 1058 619 1834 2524 2742 345 1309 1333 2283 937 577 2471 2588 791 2030 2585 665 467 266 474 1794 1107 2799 1405 1531 2909 2095 1352 2786 3099 2772 1888 1838 1242 2503 2860 1472 248 1363 688 259 429 1034 91 2673 2567 1408 3101 486 2199 2549 547 2017 1510 615 2057 2022 1497 1089 2957 1273
37 23 14 17 27 48 27 17 17 37 39 24 34 29 14 23 44 22 42 40 17 30 47 5 30 36 31 20 32 49 23 5 19 6 15 22 40 2 11 41 43 45 38 3 3 36 48 47 3 29 7 6 41 19 46 42 9 23 2 48 12 19 37 44 2
1416 65 3160 530 301 79 173 2642 717 256 341 3030 2706 1672 2672 528 1166 2934 2021 2793 1677 815 675 2660 309 759 763 1061 2435 2804 2292 2905 2749 2725 1132 1335 1916 2478 2100 2881 2071 1399 3126 3108 376 421 2034 284 485 2824 2434 239 1446 2500 3043 671 444 2605 1123 2735 18 1114 1292 234 1736
4 18 49 23 39 25 49 17 48 4 8 34 4 4 35 48 10 18 31 25 24 29 14 2 22 16 27 50 33 9 44 20 45 32 21 28 34 10 34 26 50 4 14 1 7 43 38 50 30 45 21 34 40 20 26 33 4 29 4 45 33 30 30 48 17
1919 1065 354 546 848 523 239 1868 1418 1766 541 1643 1284 1334 1452 1733 493 1362 575 100 1792 85 348 1884 9 157 1272 593 1709 1240 552 1879 1673 967 269 1236 1724 211 602 474 1241 1086 1285 159 797 213 1682 902 36 683 1451
19 27 28 39 10 39 19 26 49 13 44 43 40 12 26 33 7 46 17 25 6 36 25 8 44 28 11 21 0 6 15 19 1 48 24 16 19 1 6 17 8 14 1 38 15 27 36 33 32 6 48
687 917 704 1396 905 728 2366 169 1275 2299 1966 391 84 1781 2275 1118 478 1389 1577 811 864 540 1463 1161 1257 2274 260 901 353 1734 1285 633 1626 1628 736 1639 181 2306 326 2259 365 647 2135 514 1019 1481 96 1674 1331 131 2076 1680 466 1418 1710 446 1022
4 15 5 2 18 8 17 33 46 18 5 14 9 34 35 33 5 29 31 28 28 50 31 42 15 20 5 49 4 18 18 25 46 45 13 2 4 7 27 22 44 16 2 43 9 16 19 3 27 8 21 26 40 32 12 20 47
3490 2428 3923 3346 2580 1320 856 3823 3442 1857 3166 1313 3707 3780 3584 1095 2811 3805 3747 3096 4039 3752 2727 1524 1888 1676 1154 3685 2167 787 2973 1215 2485 3892 784 2546 1652 889 268 3783 3038 3988 1339 53 3516 1947 1805 936 843 1844 2904 2193 2795 763 1674 1144 2528 3084 3401 1267 1065 3663 2639 2426 2886 4104 685 46 2475 1890 2251 1784 3373 2234 3245
9 14 40 10 14 44 32 26 38 49 49 30 13 1 22 22 1 39 29 23 18 32 20 44 49 31 12 27 39 8 26 38 26 30 47 27 6 44 28 15 41 16 39 9 1 24 9 24 47 25 8 10 4 16 23 46 12 45 40 9 3 31 14 25 24 29 27 25 35 36 36 35 22 42 24
46 227 113 401 176 66 42 451 386 391 277 377 20 238 37 286 283 31 225 185 80 132 318 360 268
18 15 45 5 9 7 36 7 11 4 21 15 21 27 48 43 21 14 8 44 20 10 49 49 27
116 3 8 23 125 20 67 73 108 46 93 51 17
21 43 39 6 50 14 44 34 24 0 3 32 34
292 285 640 754 644 703 80 728 226 935 172 849 383 70 823 467 1010 469 669 232 633 750 821 775 562 371 506 875 412 734 715 520 742 413 433 387 668
30 2 28 36 32 41 20 47 0 31 1 10 34 4 46 13 47 44 33 43 38 11 6 17 18 27 11 3 32 17 23 31 14 45 44 37 35
157 1389 2735 886 2895 503 1215 1906 600 839 421 73 1973 521 443 2887 865 603 719 1732 1074 1637 421 2543 1532 2118 2164 2169 2623 1208 2229 794 1042 2494 2960 1000 2357 2444 1789 1968 1829 2009 106 104 643 2091 90 287 353 666 706 1786 2439 988 1940 1713 1854 1606 1957 2640 190 449 1957
10 30 42 2 16 38 8 13 6 25 8 30 2 17 6 36 11 14 45 48 7 12 27 5 48 42 5 35 32 33 7 9 3 49 35 46 6 5 49 27 42 10 2 46 25 22 37 14 10 10 27 41 0 25 41 17 17 36 26 17 29 19 43
10 15 5 14 9
35 43 0 40 29
1797 1588 389 1157 1289 1924 15 42 1554 1696 2106 668 1422 1037 2059 108 1990 1512 409 221 872 1520 514 733 919 240 1824 1992 2077 1320 1048 1235 1650 438 1931 188 1604 1477 1322 800 1687 47 589 1839 847 174 1662 509 2086 1228 1178 1812 116
42 19 22 15 29 19 15 26 3 35 36 17 46 19 49 10 11 26 7 42 36 18 20 48 9 2 12 16 0 19 5 16 21 46 43 23 34 12 4 11 32 8 36 32 26 49 5 1 2 7 5 45 37
1435 562 1708 1224 963 1260 89 1638 1793 273 696 442 2059 1023 1892 23 1446 1849 309 2007 1858 446 299 1012 2075 1790 1212 286 1544 1445 1554 666 212 809 811 359 1350 1283 1765 1524 1137 2171 1571 1398 1411 270 1557 1005 1160 29 501 1280 1938 1357 1834
38 29 35 24 45 49 12 20 37 42 45 10 22 5 8 18 30 9 17 15 4 1 40 30 12 12 24 50 8 26 43 7 15 37 14 44 35 10 14 36 17 2 9 4 16 3 41 11 47 0 21 29 47 0 35
1679 2153 2283 277 377 1082 1270 1757 2034 1052 319 437 1339 830 405 2166 2324 271 1275 1531 1023 646 2165 112 2030 965 1873 196 404 1144 1143 66 1114 1834 2009 2085 2028 1455 512 829 366 2281 1077 263 2421 1211 2071 824 1978 980 269 1057 2241 1186 220 1657 2240
48 11 22 47 11 17 3 45 26 48 23 11 14 15 49 18 38 5 41 49 9 12 24 19 11 14 7 8 5 38 39 3 5 46 50 14 25 47 30 17 42 4 16 22 46 50 44 49 3 4 46 40 29 42 50 3 21
511 1702 2907 185 2294 923 534 2483 1160 338 205 235 326 895 1074 1940 2462 1684 4 25 372 710 797 737 1946 1926 1732 1014 524 1808 39 2508 1109 693 1020 111 1116 994 121 1769 2931 720 1548 1918 1943 2132 2021 1325 86 1985 1253 2181 2019 2530 801 2022 1629 2185 2825 2001 1656 1042 1709
16 10 35 12 25 38 25 8 5 27 32 5 35 6 4 21 24 29 16 2 17 26 17 44 40 46 22 31 17 26 44 28 40 36 8 2 15 25 20 41 26 33 6 29 33 15 9 31 37 46 11 33 27 48 44 44 11 32 27 44 2 27 48
