100
1 2 5 15 19
1 3 3 0 0
1 2 5 15 19
0 3 3 0 0
1 2 5 15 19
2 3 3 0 0
1 1 1 1 1
0 1 2 3 4
2 2 2 2 2
0 1 2 3 4
10 10 10 10 10
0 1 2 3 4
1 1 1 1 1
1 1 1 1 1
2 2 2 2 2
1 1 1 1 1
10 10 10 10 10
1 1 1 1 1
2 3 5 7 11
0 0 0 0 0
161 20 120 15 97 110 63 53 29 165 113 12 44 13 104
33 15 33 15 15 15 37 37 33 37 15 15 15 33 15
4 5 5
16 16 32
7 26 17 6 43 16 43 53 59
19 9 16 21 16 1 21 26 29
124 38 106 72 92 29 90 42 21 108 81 69 36
7 3 43 43 3 34 43 21 34 39 23 7 21
27 11 37 34 27 34 21
30 30 30 32 45 32 30
64 9 162 38 15 130 84 145 79 143 22 119 13 88 98
26 7 25 26 7 3 25 25 26 25 36 3 26 44 26
3 1 16 19 7
42 18 30 11 8
1 7 16 5 7
6 6 42 6 42
5 3 22 27 30 36 5
45 9 10 40 10 10 40
114 56 103 117 94 79 81 52 11 122 87 57 80
50 50 50 50 50 50 50 50 50 50 50 50 50
4 2 2
25 25 25
3 85 73 12 20 76 116 88 29 90 23 25 127 132 72
39 17 22 22 22 22 28 34 28 28 34 34 39 22 28
91 17 47 138 125 12 130 13 15 107 9 108 16 5 69
12 49 12 48 12 49 12 12 12 48 48 48 12 49 12
39 89 138 164 58 112 65 149 137 55 2 27 9 58 44
8 23 6 32 18 23 23 32 26 26 26 18 23 6 8
5 15 7 1 12
31 23 24 31 31
21 42 24 11 47 75 81 39 38 58 89
37 7 15 15 37 14 19 15 15 7 26
41 69 29 101 40 74 121 125 71 92 119 124 72
46 46 46 46 46 46 46 46 46 46 46 46 46
12 4 15 5 2
38 25 38 2 38
81 44 38 22 36 45 12 23 19 3 91
18 0 28 28 30 18 1 28 49 21 21
8 61 48 31 12 51 41 24 52
39 7 30 39 30 30 30 7 30
109 11 6 78 133 58 16 65 90 161 12 66 128 134 111
35 2 26 1 26 13 15 42 26 5 42 2 46 42 8
7 7 4
21 21 21
58 51 67 57 62 39 52 12 69 62 59
43 43 43 43 43 43 43 43 43 43 43
28 37 12 23 57 33 2 53 50
34 25 45 34 34 25 34 34 25
17 13 5 14 13
12 12 12 12 12
61 59 25 36 60 21 57 47 61
40 40 40 40 40 40 40 40 40
43 50 85 26 115 22 101 144 136 91 43 68 158 121 3
39 9 39 0 43 0 9 24 24 43 0 0 9 0 43
69 49 26 17 61 51 23 26 16 15 87
10 28 26 20 32 43 45 43 20 28 28
54 22 54 26 50 6 21 57 38
50 18 50 18 25 28 28 50 3
18 37 37 18 23 30 16
50 21 33 21 33 8 21
44 62 54 8 66 72 22 48 73 24 64
42 22 36 22 21 22 21 22 25 21 22
63 62 85 32 11 13 82 58 58 2 38
43 12 29 1 14 1 29 39 21 43 12
6 1 5
16 16 16
14 60 81 25 21 70 66 33 34 43 80
10 50 10 36 36 50 10 13 10 36 50
34 31 1 10 53 12 28 45 54
7 7 4 7 4 7 7 4 4
22 30 71 73 46 9 27 9 40 66 16
49 25 49 23 25 9 21 25 25 49 9
35 43 57 41 46 60 35 5 5 69 13
38 11 38 38 11 11 13 11 13 38 12
17 18 11 3 8
25 25 25 25 25
4 3 7
1 27 27
64 69 14 6 39 47 65 51 12 54 14
45 45 37 25 35 36 45 40 40 35 45
96 74 57 76 52 90 104 61 16 120 48 69 16
18 18 18 18 18 18 18 18 18 18 18 18 18
18 6 4 1 14
23 23 50 50 23
49 28 89 50 1 25 41 57 20 77 30
50 34 50 14 50 34 50 11 34 34 14
128 54 105 139 146 102 106 33 136 112 82 84 79 150 160
41 35 33 39 14 39 10 10 10 33 39 12 40 40 36
3 22 94 38 116 40 72 95 40 114 65 60 65
48 48 46 6 4 44 5 12 48 12 50 23 34
38 43 59 41 3 28 42 57 45
2 33 2 2 33 2 2 33 2
11 50 41 98 67 90 17 2 66 32 116 29 58
12 49 4 12 49 4 4 49 12 4 1 4 4
4 20 26 27 36 40 1 51 28
0 1 0 0 0 1 0 0 1
18 37 37 16 36 35 14
49 31 31 31 49 9 9
99 59 21 60 112 126 56 36 100 58 34 99 4
8 23 8 14 22 46 23 23 23 8 30 8 23
13 34 29 28 16 20 17
36 40 40 40 36 36 36
9 68 22 116 21 113 71 81 17 26 29 18 110
18 18 33 18 28 18 33 15 18 28 15 3 28
3 4 3
21 21 11
75 43 38 42 50 41 44 90 64 64 1
41 41 41 41 41 41 41 41 41 41 41
4 6 1 10 10
14 42 14 6 45
9 77 14 125 169 122 154 50 147 63 38 162 35 108 87
29 29 29 29 29 29 29 29 29 29 29 29 29 29 29
38 35 78 74 59 59 57 32 4 6 14
26 18 17 18 26 35 35 35 44 17 26
104 78 75 81 38 37 4 18 15 72 110 9 3
32 40 21 42 15 40 15 35 21 21 21 34 15
23 22 26 14 26 24 34
9 32 29 29 9 9 32
37 79 108 64 41 96 105 17 29 66 42 158 90 21 147
30 17 3 24 1 42 16 3 30 3 4 32 9 16 16
33 162 110 125 65 54 147 120 39 53 117 100 134 79 74
2 2 5 5 2 5 5 5 11 5 5 2 11 11 5
32 56 50 58 52 29 20 38 21
2 4 2 47 34 2 18 47 34
8 12 17 16 14
28 49 49 39 49
1 22 35 4 15 12 22
44 11 21 40 21 40 21
39 43 44 38 18 24 39 52 17
24 23 23 24 23 18 24 24 24
128 150 40 27 38 34 53 12 98 85 110 2 104 78 144
8 7 43 31 8 43 31 8 7 8 8 31 7 8 9
94 30 85 82 8 4 124 74 123 110 26 57 78
37 37 37 9 37 37 30 37 37 9 9 30 30
35 11 34 54 27 27 23 43 40
24 12 40 9 41 40 24 10 12
14 98 29 72 43 119 96 63 25 114 103 94 124
37 49 37 12 35 49 41 9 35 9 30 30 35
38 45 41 23 2 62 3 47 76 2 48
25 25 25 17 25 17 17 25 25 25 17
14 88 122 46 43 111 78 112 102 56 117 46 114
0 4 43 43 4 4 0 4 43 0 0 17 0
2 10 11 16 12
22 44 3 22 3
6 3 2
34 34 5
13 7 17 18 1
27 27 27 23 27
40 12 51 33 59 19 46 16 54
43 4 43 4 43 4 4 4 12
10 5 10 6 7
0 21 0 9 0
32 2 37 1 34 27 20
28 28 28 28 28 28 28
17 18 6 19 16
8 36 26 8 30
19 30 17 11 21 31 13
8 11 11 19 8 19 11
1 1 2
34 34 34
17 18 13 17 3
32 4 4 4 4
29 74 40 38 20 142 34 116 27 169 63 94 21 110 62
27 0 27 44 0 38 27 44 38 47 20 0 11 34 22
80 64 62 30 80 20 75 3 34 4 40
8 0 6 18 8 18 11 8 35 18 18
6 4 14 12 9
47 28 47 14 47
62 46 61 72 62 47 58 43 67 15 81 105 120
33 7 1 1 40 0 40 0 0 24 33 24 7
1 1 3
11 11 11
2 1 7
12 12 12
9 10 13 2 5
17 49 4 5 4
8 50 61 61 42 30 1 59 8
34 25 16 24 38 4 25 38 46
11 24 33 35 28 1 24
16 16 16 16 16 16 16
